74.4182 51.6788 0
47.4087 50.2366 0
49.7278 51.248 0
50.4036 41.1347 0
49.7049 47.6577 0
44.69 47.5552 0
48.877 47.619 0
43.7595 57.733 0
55.8006 67.4786 0
54.0572 52.8153 0
60.7177 49.4731 0
54.1287 52.9837 0
67.5618 52.2298 0
42.0258 49.4643 0
48.8333 68.5018 0
44.7587 61.2252 0
47.2986 37.8159 0
50.0414 40.3632 0
48.8324 56.0212 0
46.1167 56.5202 0
52.5564 56.2077 0
39.2977 27.0389 0
50.8405 66.6133 0
55.8884 42.4322 0
34.8781 41.3749 0
41.5385 45.4026 0
29.5163 39.836 0
48.8547 39.9462 0
69.9345 45.9401 0
54.0598 41.4172 0
41.7476 51.7747 0
61.9773 65.2781 0
52.0127 45.2139 0
64.6483 55.8678 0
58.1045 61.7499 0
46.0333 38.389 0
56.1698 61.3441 0
41.4873 45.8448 0
45.6484 49.3392 0
40.4475 44.0049 0
43.8785 63.915 0
51.4736 48.5808 0
52.7633 52.4387 0
57.5235 55.1213 0
39.5743 44.6457 0
50.2855 63.4967 0
68.1176 58.5158 0
42.7628 57.6965 0
60.394 33.1849 0
51.0698 49.4531 0
43.0018 47.3245 0
59.7614 48.1845 0
48.9014 41.3534 0
48.2599 53.0554 0
51.4777 45.9059 0
39.1955 48.3498 0
65.7894 43.1195 0
51.0439 58.0177 0
48.258 32.7583 0
39.2301 56.3485 0
52.4697 53.829 0
58.9042 52.316 0
34.7785 52.7863 0
58.933 56.7216 0
62.046 52.5061 0
53.1688 69.087 0
39.7311 59.5737 0
51.3915 49.2893 0
63.484 51.1137 0
45.7548 63.1481 0
52.6937 52.9502 0
56.5376 39.1087 0
49.8563 44.6478 0
57.006 47.2438 0
44.8848 51.6357 0
43.1845 54.0142 0
58.2819 55.832 0
55.5101 38.6143 0
60.2789 60.0573 0
54.7531 61.4879 0
53.8463 48.7724 0
50.5281 53.7082 0
62.1964 53.5874 0
53.004 42.6177 0
46.1116 48.9923 0
50.2103 49.0692 0
64.9883 65.7655 0
47.2433 52.8486 0
51.3702 42.7534 0
68.6064 43.3046 0
43.75 62.2006 0
39.6039 64.9293 0
54.2103 31.1722 0
49.9433 46.3685 0
57.7275 32.337 0
45.4866 55.9776 0
56.4451 54.9187 0
43.2471 57.4351 0
35.9999 53.4878 0
68.789 40.6655 0
